4.461999291660000381e+03 4.795126000000000110e-01
4.469380298359999870e+03 4.486857000000000206e-01
4.476048638209999808e+03 6.789777000000000173e-01
4.481299355760000253e+03 3.114182999999999812e-01
4.501275973079999858e+03 6.351533999999999791e-01
4.508286169869999867e+03 4.412814999999999932e-01
4.515339285469999595e+03 3.767124000000000028e-01
4.520224914219999846e+03 4.176929999999999810e-01
4.522799965610000072e+03 3.407874000000000181e-01
4.533968387760000041e+03 6.315783999999999843e-01
4.549630759949999629e+03 6.220480999999999927e-01
4.554037171439999838e+03 7.685144999999999893e-01
4.555892997930000092e+03 3.984921000000000157e-01
4.558648563710000417e+03 3.915313000000000265e-01
4.563764624350000304e+03 5.827385000000000481e-01
4.571978566280000450e+03 6.501002999999999643e-01
4.576337339929999871e+03 3.208976000000000051e-01
4.580055222910000339e+03 3.626424999999999788e-01
4.583836795410000377e+03 4.748240000000000238e-01
4.588202685829999609e+03 3.371296999999999766e-01
4.598121425870000166e+03 3.175337999999999772e-01
4.600753738399999747e+03 4.069003999999999954e-01
4.611281830900000386e+03 4.290145000000000208e-01
4.613361246860000392e+03 3.182896000000000059e-01
4.616128986110000369e+03 4.232521000000000200e-01
4.618792513819999840e+03 3.960352999999999790e-01
4.619291637860000264e+03 3.696827999999999781e-01
4.629339986889999636e+03 4.245696999999999943e-01
4.637507148730000154e+03 3.585090000000000221e-01
4.643466860579999775e+03 3.087480000000000224e-01
4.646167862520000199e+03 5.143830000000000346e-01
4.647439219959999718e+03 4.109779000000000071e-01
4.648656525800000054e+03 3.618287000000000031e-01
4.652163965759999883e+03 4.321244000000000196e-01
4.654622805529999823e+03 4.129857000000000111e-01
4.667456772730000012e+03 3.823176999999999826e-01
4.678850223510000433e+03 4.394365000000000077e-01
4.702998978990000069e+03 5.421654999999999669e-01
4.707280163790000188e+03 4.494355999999999907e-01
4.714418629779999719e+03 4.582159000000000093e-01
4.731467290409999805e+03 3.519835000000000047e-01
4.736779876110000259e+03 4.856284000000000156e-01
4.762374220020000394e+03 4.300746999999999765e-01
4.779983256450000226e+03 3.065161000000000135e-01
4.783424955350000346e+03 5.354122999999999521e-01
4.786541677389999677e+03 3.453411000000000119e-01
4.789654623329999595e+03 3.620636999999999883e-01
4.805092963439999949e+03 3.689424000000000037e-01
4.823512610750000022e+03 5.293217999999999535e-01
4.871326427670000157e+03 5.459718999999999545e-01
4.878194923119999658e+03 6.057177999999999729e-01
4.890764638100000411e+03 5.324613000000000262e-01
4.900123163360000000e+03 2.486320000000000000e-01
4.903312834819999807e+03 4.791579000000000255e-01 
4.910329661929999929e+03 3.003383000000000025e-01
4.919000225030000365e+03 5.566326000000000329e-01
4.920514654120000159e+03 5.214126000000000039e-01
4.923933102940000026e+03 5.387946999999999598e-01
4.934074673920000350e+03 7.481967999999999952e-01
4.957611351610000384e+03 5.617064000000000501e-01
4.991073881389999769e+03 4.367311999999999861e-01
4.994135752930000308e+03 4.833747999999999934e-01
5.001869875950000278e+03 4.204024000000000094e-01
5.006124573060000330e+03 5.162444000000000477e-01
5.018448950730000433e+03 5.514989000000000141e-01
5.022239922230000047e+03 3.701877000000000084e-01 
5.027135785890000079e+03 3.654317999999999733e-01
5.028131056569999600e+03 3.158703999999999956e-01
5.031021107540000230e+03 3.218679999999999874e-01
5.035367569119999644e+03 3.783835999999999866e-01
5.035936334310000348e+03 3.858109000000000122e-01
5.040895486129999881e+03 3.690655999999999937e-01
5.041073136779999913e+03 4.498039999999999816e-01
5.041764860039999803e+03 4.569475000000000064e-01
5.051640947889999552e+03 4.975312000000000068e-01
5.065013552749999690e+03 3.903306999999999749e-01
5.068772141600000396e+03 4.457618999999999887e-01
5.072675953470000000e+03 2.114912000000000000e-01
5.074755070719999821e+03 3.931736000000000120e-01
5.097003037180000319e+03 3.374319000000000068e-01
5.107454775719999816e+03 4.156290000000000262e-01
5.107645686089999799e+03 4.219207999999999847e-01
5.110409635289999642e+03 5.508148999999999962e-01
5.123728566730000239e+03 4.287059999999999760e-01
5.125128712730000188e+03 4.086892999999999776e-01
5.129163413340000261e+03 3.161604000000000081e-01
5.133697126529999878e+03 4.545085999999999848e-01
5.137077793739999834e+03 3.699556999999999984e-01
5.137388181620000069e+03 3.765667999999999793e-01
5.139261162839999997e+03 4.631962000000000024e-01
5.139469461659999979e+03 4.597363999999999895e-01
5.142530369819999578e+03 3.867141000000000051e-01
5.142934026240000094e+03 4.449088999999999960e-01
5.146487270980000176e+03 3.063295999999999797e-01
5.148232700309999927e+03 3.009104000000000223e-01
5.155768055890000000e+03 2.515408000000000000e-01
5.162280570300000363e+03 4.229407000000000028e-01
5.167335236529999747e+03 4.735270999999999786e-01
5.167495738270000402e+03 5.292394000000000265e-01
5.169043030169999838e+03 4.987154999999999783e-01
5.171609149689999867e+03 5.099264000000000019e-01
5.172699349309999889e+03 5.503864000000000534e-01
5.183618998799999645e+03 5.808843000000000201e-01
5.188697338369999670e+03 4.555586999999999831e-01
5.188846398210000189e+03 3.387483000000000022e-01
5.191462239759999648e+03 4.619405999999999790e-01
5.194948758370000178e+03 4.883624999999999772e-01
5.195477814799999578e+03 3.647233999999999754e-01
5.197575463879999916e+03 3.459959000000000229e-01
5.198715798860000177e+03 3.657180999999999904e-01
5.202324865909999971e+03 5.179584999999999884e-01
5.204540317470000446e+03 6.506478999999999457e-01
5.206045939929999804e+03 5.543645999999999852e-01
5.208434966740000164e+03 6.101794000000000384e-01
5.226546255489999567e+03 3.740680000000000116e-01
5.226870991609999692e+03 4.397199999999999998e-01
5.227192320690000088e+03 6.068902999999999937e-01
5.229858390489999692e+03 4.198166999999999871e-01
5.232951121959999909e+03 4.972393999999999981e-01
5.234630479849999574e+03 3.261240000000000250e-01
5.242497123379999721e+03 3.356010999999999855e-01
5.254949147190000076e+03 3.174759999999999804e-01
5.269550401550000061e+03 6.083769999999999456e-01
5.270336745440000414e+03 6.192706999999999518e-01
5.273170330799999647e+03 3.597142999999999868e-01
5.273382701919999818e+03 3.462738000000000205e-01
5.276021929479999926e+03 3.831014999999999837e-01
5.281796661510000376e+03 4.269007000000000218e-01
5.283628727000000254e+03 4.297271999999999759e-01
5.298280238530000133e+03 3.965372999999999815e-01
5.302306530480000220e+03 4.279253000000000084e-01
5.316621619620000274e+03 3.786400999999999795e-01
5.324188859640000373e+03 4.596493999999999858e-01
5.328050361659999908e+03 5.870224000000000553e-01
5.328538272019999567e+03 4.982542999999999833e-01
5.336792083979999916e+03 3.135640000000000094e-01
5.339936335719999988e+03 4.053171999999999886e-01
5.341033520359999784e+03 4.898327000000000098e-01
5.364878290710000329e+03 3.563864999999999950e-01
5.367474490890000197e+03 3.682344000000000173e-01
5.369970018949999940e+03 4.127795000000000214e-01
5.371500020989999939e+03 5.794489000000000445e-01
5.383377837310000359e+03 4.483927999999999803e-01
5.393174427590000050e+03 4.007166999999999812e-01
5.397139655699999821e+03 5.805907000000000151e-01
5.415207996299999650e+03 4.100928999999999824e-01
5.424078518889999941e+03 4.347243000000000079e-01
5.429705299219999688e+03 4.850838000000000094e-01
5.434532369229999858e+03 5.428969999999999629e-01
5.446922646390000409e+03 5.932285999999999948e-01
5.455617577029999666e+03 5.626255999999999480e-01
5.463282799710000290e+03 3.074062000000000183e-01
5.476570434119999845e+03 3.291049999999999809e-01
5.476913227689999985e+03 4.821597000000000244e-01
5.528418095529999846e+03 4.833025000000000237e-01
5.534844828710000000e+03 2.204862000000000000e-01
5.535430942140000000e+03 1.848750000000000000e-01
5.569625908969999728e+03 4.017695000000000016e-01
5.572851577430000361e+03 4.092458999999999958e-01
5.576095669819999785e+03 3.709150999999999976e-01
5.581974145870000029e+03 3.149913999999999770e-01
5.586765587799999594e+03 4.513680999999999943e-01
5.594468555000000379e+03 4.521590999999999805e-01
5.598486583390000305e+03 3.959460000000000202e-01
5.602914002190000247e+03 4.495392999999999750e-01
5.615654615190000186e+03 4.228404000000000051e-01
5.624550263019999875e+03 3.799601000000000228e-01
5.658823777589999736e+03 3.459623000000000004e-01
5.662521460439999828e+03 3.051550000000000096e-01
5.688213717530000395e+03 3.364069000000000087e-01
5.762996948109999721e+03 3.098913999999999835e-01
5.853684185260000000e+03 2.804916000000000000e-01
5.857456120689999807e+03 3.648817999999999784e-01
6.122225484020000295e+03 4.656867000000000090e-01
6.136625842550000016e+03 3.912072999999999801e-01
6.137701903760000278e+03 3.816945999999999950e-01
6.141726870309999867e+03 4.284777000000000169e-01
6.191568991459999779e+03 3.994229000000000251e-01
6.230735224860000017e+03 4.015336999999999934e-01
6.246325601739999911e+03 3.023429000000000255e-01
6.252565739100000428e+03 3.709444000000000075e-01
6.393612584499999684e+03 3.741863999999999746e-01
6.400010437279999678e+03 3.631823000000000135e-01
6.439083390320000035e+03 4.758583000000000118e-01
